 [
    [
        [
            [0.         1.         0.99973935 ... 0.37605512 0.5369432    0.7504215 ]
            [0.         1.         0.14432308 ... 0.35950294 0.53460395   0.5381361 ]
            [0.         1.         0.1281095  ... 3.9674194  5.0715637   5.269362  ]
                                       ...
            [0.         0.         0.         ... 0.         0.          0.        ]
            [0.         0.         0.         ... 0.         0.          0.        ]
            [0.         0.         0.         ... 0.         0            0.        ]
        ]
    ]
]